00J90630561: # MV-CA016-10UC
  Intrinsic: [3626.5098590324505,  0.000000000000,  689.1283950373454,
                  0.000000000000,  3626.285156056285,  582.7004766963166,
                  0.000000000000,  0.000000000000,  1.000000000000]
  # #畸变参数矩阵，k1,k2,k3,p1,p2。一定注意是k1,k2,k3,p1,p2!!!和ROS标出来的k1,k2,p1,p2,k3不同！！！
  Coeff: [-0.04251601401350153, 0.963321415304225, 0.0, -0.0009602427973179668, -0.006641239457517189]
  # #x,y,z坐标偏移量(相机至枪管),单位m
  xyz_offset: [0.0, -0.05, 0.0]
  # #yaw,pitch角度偏移量,单位度
  angle_offset: [-1.5, -1.75]
  #使用迭代法求解pitch补偿的最大迭代次数
  max_iter: 10
  #停止迭代的最小误差(单位m)
  stop_error: 0.001
  #龙格库塔法求解落点的迭代次数
  R_K_iter: 60

  #陀螺仪到相机的变换矩阵 R_c = T_ci * R_i
  T_ci: [ 0.02617095,   0.99945437,  -0.02015029,  -0.00043464,
          0.1181205,   -0.02310774,  -0.99273037,   0.00326701,
          -0.99265433,  0.02360054, -0.1186608,  -0.00323944,
          0.0,          0.0,          0.0,          1.0        ]
  #相机到陀螺仪的变换矩阵 R_i = T_ic * R_c
  T_ic: [ 0.02617095,   0.1181205,   -0.99265433, -0.00359017,
          0.99945437,  -0.02310774,   0.02360054,  0.00058635,
          -0.02015029, -0.99273037,  -0.1186608,   0.00285011,
          0.0,          0.0,          0.0,         1.0       ]
  #陀螺仪至云台转轴中心平移向量 R_g = R_i - T_iw
  T_iw: [-0.03, -0.05, -0.02]

daheng_camera:
  Intrinsic: [3626.5098590324505,  0.000000000000,  689.1283950373454,
          0.000000000000,  3626.285156056285,  582.7004766963166,
          0.000000000000,  0.000000000000,  1.000000000000]
  # #畸变参数矩阵，k1,k2,k3,p1,p2。一定注意是k1,k2,k3,p1,p2!!!和ROS标出来的k1,k2,p1,p2,k3不同！！！
  Coeff: [-0.04251601401350153, 0.963321415304225, 0.0, -0.0009602427973179668, -0.006641239457517189]
  # #x,y,z坐标偏移量(相机至枪管),单位m
  xyz_offset: [0.0, -0.05, 0.0]
  # #yaw,pitch角度偏移量,单位度
  angle_offset: [-1.5, -1.75]
  #使用迭代法求解pitch补偿的最大迭代次数
  max_iter: 10
  #停止迭代的最小误差(单位m)
  stop_error: 0.001
  #龙格库塔法求解落点的迭代次数
  R_K_iter: 60

  #陀螺仪到相机的变换矩阵 R_c = T_ci * R_i
  T_ci: [ 0.02617095,   0.99945437,  -0.02015029,  -0.00043464,
          0.1181205,   -0.02310774,  -0.99273037,   0.00326701,
          -0.99265433,  0.02360054, -0.1186608,  -0.00323944,
          0.0,          0.0,          0.0,          1.0        ]
  #相机到陀螺仪的变换矩阵 R_i = T_ic * R_c
  T_ic: [ 0.02617095,   0.1181205,   -0.99265433, -0.00359017,
          0.99945437,  -0.02310774,   0.02360054,  0.00058635,
          -0.02015029, -0.99273037,  -0.1186608,   0.00285011,
          0.0,          0.0,          0.0,         1.0       ]
  #陀螺仪至云台转轴中心平移向量 R_g = R_i - T_iw
  T_iw: [-0.03, -0.05, -0.02]